0.6146
0.6109
0.6092
0.6073
0.6104
0.6107
0.6068
0.6073
0.6067
0.6115
0.6105
0.6083
0.6047
0.6059
0.6053
0.6067
0.6099
0.6111
0.6169
0.6186
0.6192
0.6227
0.6240
0.6283
0.6283
0.6209
0.6205
0.6228
0.6280
0.6293
0.6270
0.6234
0.6231
0.6256
0.6186
0.6232
0.6257
0.6286
0.6275
0.6337
0.6317
0.6343
0.6325
0.6356
0.6343
0.6307
0.6323
0.6332
0.6336
0.6359
0.6357
0.6356
0.6367
0.6375
0.6359
0.6367
0.6317
0.6285
0.6307
0.6300
0.6301
0.6281
0.6281
0.6258
0.6264
0.6289
0.6329
0.6317
0.6318
0.6300
0.6296
0.6297
0.6305
0.6308
0.6344
0.6338
0.6329
0.6335
0.6329
0.6334
0.6331
0.6356
0.6427
0.6428
0.6414
0.6408
0.6479
0.6541
0.6532
0.6532
0.6599
0.6668
0.6591
0.6633
0.6663
0.6709
0.6749
0.6732
0.6708
0.6795
0.6777
0.6800
0.6723
0.6689
0.6681
0.6705
0.6632
0.6607
0.6564
0.6568
0.6642
0.6632
0.6614
0.6609
0.6656
0.6621
0.6594
0.6599
0.6623
0.6681